
(x,y) pairs

white :
very light grey :
light grey :
dark grey :


Black :
(20,12),(20,13),(20,14),(20,15),(20,16),(20,17),(20,18),(20,19),(20,20)
(19,12),(19,13),(19,14),(19,15),(19,16),(19,17),(19,18),(19,19),(19,20)
(18,14),(18,15),(18,16),(18,17),(18,18),(18,19),(18,20)
(17,14),(17,15),(17,16),(17,17),(17,18),(17,19),(17,20)
(16,13),(16,14),(16,15),(16,18),(16,19),(16,20)
(15,12),(15,13),(15,20)
(14,12),(14,20)


VALUES -

white :
very light grey :
light grey :
dark grey :
Black :



1 1 2 2 3 3 4 4 5 5 0 0 0 0 0 0 0 0 0 0
0 0 0 0 0 0 0 0 0 0 0 0 0 0 0 0 0 0 0 0
0 0 0 0 0 0 0 0 0 0 0 0 0 0 0 0 0 0 0 0
0 0 0 0 0 0 0 0 0 0 0 0 0 0 0 0 0 0 0 0
0 0 0 0 0 0 0 0 0 0 0 0 0 0 0 0 0 0 0 0
0 0 0 0 0 0 0 0 0 0 0 0 0 0 0 0 0 0 0 0
0 0 0 0 0 0 0 0 0 0 0 0 0 0 0 0 0 0 0 0
0 0 0 0 0 0 0 0 0 0 0 0 0 0 0 0 0 0 0 0
0 0 0 0 0 0 0 0 0 0 0 0 0 0 0 0 0 0 0 0
0 0 0 0 0 0 0 0 0 0 0 0 0 0 0 0 0 0 0 0
0 0 0 0 0 0 0 0 0 0 0 0 0 0 0 0 0 0 0 0
0 0 0 0 0 0 0 0 0 0 0 0 0 0 0 0 0 0 0 0
0 0 0 0 0 0 0 0 0 0 0 0 0 0 0 0 0 0 0 0
0 0 0 0 0 0 0 0 0 0 0 0 0 0 0 0 0 0 0 0
0 0 0 0 0 0 0 0 0 0 0 0 0 0 0 0 0 0 0 0
0 0 0 0 0 0 0 0 0 0 0 0 0 0 0 0 0 0 0 0
0 0 0 0 0 0 0 0 0 0 0 0 0 0 0 0 0 0 0 0
0 0 0 0 0 0 0 0 0 0 0 0 0 0 0 0 0 0 0 0
0 0 0 0 0 0 0 0 0 0 0 0 0 0 0 0 0 0 0 0
0 0 0 0 0 0 0 0 0 0 0 0 0 0 0 0 0 0 0 0


    // [row][col]
    public static int [][] matrixArray = {

            { 0 , 0 , 0 , 0 , 0 , 0 , 0 , 0 , 0 , 0 , 1 , 0 , 1 , 0 , 0 , 0 , 0 , 0 , 0 , 0 },
            { 3 , 3 , 0 , 3 , 0 , 0 , 0 , 1 , 1 , 1 , 1 , 1 , 1 , 0 , 0 , 0 , 0 , 0 , 0 , 0 },
            { 3 , 3 , 3 , 3 , 3 , 3 , 0 , 0 , 1 , 2 , 2 , 2 , 1 , 0 , 0 , 0 , 0 , 0 , 0 , 0 },
            { 3 , 3 , 3 , 3 , 3 , 3 , 0 , 0 , 1 , 2 , 2 , 2 , 2 , 1 , 0 , 0 , 0 , 0 , 0 , 0 },
            { 0 , 0 , 3 , 0 , 0 , 0 , 0 , 0 , 1 , 1 , 2 , 2 , 2 , 1 , 0 , 0 , 1 , 1 , 0 , 0 },
            { 0 , 3 , 3 , 0 , 1 , 1 , 0 , 0 , 0 , 1 , 1 , 1 , 1 , 1 , 0 , 1 , 1 , 1 , 0 , 0 },
            { 3 , 1 , 0 , 0 , 1 , 1 , 0 , 0 , 0 , 0 , 0 , 0 , 0 , 0 , 0 , 1 , 1 , 0 , 0 , 0 },
            { 0 , 1 , 0 , 1 , 0 , 0 , 0 , 0 , 0 , 0 , 0 , 0 , 0 , 0 , 0 , 0 , 0 , 0 , 3 , 3 },
            { 0 , 0 , 1 , 2 , 2 , 1 , 1 , 0 , 0 , 0 , 0 , 0 , 0 , 0 , 0 , 0 , 0 , 3 , 3 , 3 },
            { 0 , 1 , 2 , 2 , 2 , 2 , 1 , 1 , 0 , 0 , 0 , 0 , 3 , 3 , 3 , 3 , 3 , 3 , 3 , 0 },
            { 0 , 1 , 0 , 1 , 1 , 1 , 2 , 1 , 3 , 0 , 0 , 0 , 3 , 3 , 3 , 3 , 0 , 0 , 0 , 0 },
            { 0 , 1 , 1 , 0 , 0 , 0 , 3 , 3 , 3 , 3 , 0 , 0 , 3 , 3 , 3 , 0 , 0 , 0 , 0 , 0 },
            { 0 , 0 , 3 , 3 , 3 , 3 , 3 , 3 , 3 , 3 , 0 , 0 , 0 , 0 , 0 , 0 , 0 , 0 , 0 , 0 },
            { 3 , 3 , 3 , 3 , 3 , 3 , 3 , 3 , 3 , 0 , 0 , 4 , 0 , 0 , 0 , 0 , 0 , 0 , 0 , 4 },
            { 0 , 0 , 3 , 3 , 3 , 3 , 0 , 0 , 0 , 1 , 1 , 4 , 4 , 0 , 0 , 0 , 0 , 0 , 0 , 4 },
            { 0 , 0 , 0 , 0 , 0 , 0 , 0 , 0 , 0 , 0 , 1 , 0 , 4 , 4 , 4 , 0 , 0 , 4 , 4 , 4 },
            { 0 , 1 , 1 , 1 , 1 , 1 , 0 , 0 , 0 , 1 , 0 , 0 , 0 , 4 , 4 , 4 , 4 , 4 , 4 , 4 },
            { 1 , 1 , 0 , 0 , 0 , 0 , 0 , 0 , 0 , 0 , 0 , 0 , 0 , 4 , 4 , 4 , 4 , 4 , 4 , 4 },
            { 0 , 0 , 0 , 0 , 0 , 0 , 0 , 0 , 0 , 0 , 0 , 4 , 4 , 4 , 4 , 4 , 4 , 4 , 4 , 4 },
            { 0 , 0 , 0 , 0 , 0 , 0 , 0 , 0 , 0 , 0 , 0 , 4 , 4 , 4 , 4 , 4 , 4 , 4 , 4 , 4 }

    };
